     0.00000
   102.00000
   201.00995
   302.00662
   401.01122
   501.01597
   602.02990
   702.01781
   801.00999
   902.01386
  1002.01247
  1101.01635
  1200.00667
  1302.01382
  1400.00893
  1502.01631
  1600.01125
  1702.00734
  1801.01360
  1894.01690
  1995.00627
  2098.00596
  2199.00091
  2298.01762
  2398.00021
  2502.01279
  2600.00692
  2701.00666
  2799.00643
  2898.00276
  3001.01066
  3101.00580
  3202.01265
  3302.00136
  3401.00941
  3501.01157
  3601.00889
  3702.00864
  3803.00644
  3901.00820
  4001.01800
  4106.02058
  4197.00429
  4298.01163
  4402.01636
  4501.01111
  4600.01837
  4702.01287
  4801.01260
  4900.01469
  5002.01210
  5102.00794
  5202.01163
  5301.01141
  5401.01333
  5502.01536
  5601.01509
  5702.01482
  5803.00698
  5901.01025
  6001.01408
  6102.01385
  6201.01363
  6301.01341
  6401.01531
  6501.01507
  6601.01704
  6701.02694
  6801.01441
  6900.01630
  7001.01607
  7102.01802
  7201.02007
  7302.01753
  7400.01953
  7502.01706
  7602.01684
  7702.01662
  7801.01852
  7901.01620
  8001.01806
  8102.02469
  8201.01975
  8300.01952
  8400.01929
  8501.01906
  8601.01883
  8701.01862
  8802.02051
  8901.02028
  9002.02005
  9101.01780
  9200.02174
  9300.02151
  9402.01920
  9501.01900
  9602.01880
  9701.02062
  9801.01842
  9901.02020
 10002.02000
 10102.02183
 10201.01961
 10301.01942
 10401.01923
 10501.02100
 10601.02080
 10703.02261
 10801.02041
 10901.02220
 11002.02200
 11102.02180
 11202.02160
 11301.02340
 11401.02320
 11501.02300
 11602.02086
 11701.02260
 11801.02440
 11901.02420
 12001.02400
 12102.02380
 12201.02360
 12301.02540
 12401.02322
 12500.02304
 12601.02682
 12701.02870
 12801.02640
 12901.02620
 13002.02803
 13102.02992
 13201.02761
 13302.02947
 13401.02720
 13500.02700
 13601.02485
 13701.02467
 13801.02449
 13901.02622
 14001.02603
 14101.02397
 14201.02201
 14301.02549
 14402.02170
 14501.02703
 14603.02496
 14701.02666
 14802.02841
 14901.02822
 15002.03000
