   -3.3
   -4.6
   -8.6
  -11.2
  -10.7
   -5.7
   -3.3
   -1.0
    1.7
    5.8
    6.0
    4.0
    3.3
    0.7
    4.1
    9.2
   16.3
   17.7
   20.3
   16.7
   15.2
   15.3
   15.4
   16.0
   13.7
   14.5
   16.2
   15.9
   12.7
    9.3
    5.2
    0.8
   -1.4
   -4.0
   -6.7
  -10.8
  -14.8
  -17.7
  -17.5
  -14.2
  -11.7
  -10.8
  -16.3
  -20.9
  -24.4
  -25.7
  -23.8
  -22.6
  -18.8
  -16.5
  -15.2
  -14.7
  -11.8
   -9.7
  -11.8
  -11.8
  -16.0
  -22.7
  -28.2
  -34.6
  -42.4
  -48.1
  -51.6
  -48.7
  -50.4
  -55.2
  -61.1
  -61.8
  -59.2
  -54.6
  -54.0
  -56.5
  -69.6
  -77.0
  -83.4
  -88.0
  -89.6
  -88.4
  -92.3
  -92.5
  -94.2
  -99.0
 -103.9
 -107.2
 -109.2
 -113.3
 -114.4
 -118.4
 -121.3
 -120.4
 -121.4
 -121.4
 -128.8
 -138.5
 -138.6
 -138.3
 -135.4
 -131.5
 -128.8
 -127.2
 -124.0
 -120.0
 -119.5
 -115.6
 -117.7
 -117.1
 -118.7
 -122.9
 -123.2
 -128.5
 -129.5
 -132.2
 -136.2
 -134.2
 -134.3
 -135.1
 -136.9
 -137.9
 -142.4
 -146.3
 -143.5
 -143.9
 -148.0
 -150.9
 -153.6
 -156.7
 -154.3
 -153.6
 -160.1
 -162.5
 -162.9
 -165.1
