    0.000000
  100.647901
  200.392116
  300.188274
  400.356091
  500.577666
  600.800300
  701.023537
  800.765259
  900.988346
 1000.305953
 1102.283085
 1201.600599
 1301.823721
 1401.565553
 1502.213034
 1602.011860
 1701.753507
 1802.825560
 1901.718433
 2001.460467
 2103.013314
 2202.755547
 2302.978289
 2402.295777
 2502.518731
 2603.166149
 2703.813603
 2802.706727
 2902.448621
 3003.577201
 3103.800412
 3203.966448
 3304.189462
 3403.931404
 3503.673501
 3602.990980
 3703.213874
 3803.861328
 3903.603463
 4003.826295
 4105.748653
 4205.065992
 4304.383347
 4405.511094
 4504.828521
 4605.051248
 4704.793513
 4804.591554
 4904.333696
 5004.556524
 5103.874019
 5205.002402
 5304.744386
 5404.061898
 5504.709347
 5604.932292
 5705.579725
 5804.416422
 5904.214766
 6004.862197
 6106.415069
 6202.167363
 6305.474605
 6404.792112
 6506.344980
 6605.662495
 6704.980015
 6805.203009
 6905.369505
 7006.016985
 7106.239864
 7205.981959
 7307.534810
 7406.852300
 7506.594434
 7606.817271
 7707.464758
 7806.782244
 7906.099734
 8008.077235
 8103.293219
 8204.476827
 8306.879137
 8406.252554
 8506.475475
 8608.452881
 8707.770381
 8806.663386
 8907.735346
 9005.666772
 9106.258782
 9206.001195
