

/Gem Systems GSM-19T 6021828 v7.0 23 IV 2009 A t-e2.v7                            
/ID 20150512 file 01survey.b   12  V 15
/datum  56900.00
/
/time nT sq 
064002.0  56972.07 59 
070002.0  56969.84 99 
072002.0  56966.46 99 
074002.0  56963.76 99 
080002.0  56959.71 99 
082002.0  56956.80 99 
084002.0  56953.75 99 
090002.0  56949.07 99 
092002.0  56946.58 99 
094002.0  56944.02 99 
100002.0  56940.39 99 
102002.0  56940.15 99 
104002.0  56941.19 99 
110002.0  56940.92 99 
112002.0  56938.25 99 
114002.0  56938.91 99 
120002.0  56937.44 99 
122002.0  56938.41 99 
124002.0  56940.80 99 
130002.0  56944.89 99 
132002.0  56947.53 99 
134002.0  56955.39 99 
140002.0  56958.95 99 
142002.0  56963.01 99 
144002.0  56972.03 99 
150002.0  56977.73 99 
152002.0  56974.93 99 
154002.0  56975.65 99 
160002.0  56969.71 99 
162002.0  56973.38 99 
164002.0  56968.35 99 
170002.0  56973.72 99 
172002.0  56969.37 99 
174002.0  56969.46 99 
180002.0  56964.97 99 
182002.0  56963.79 99 
184002.0  56966.95 99 
190002.0  56966.27 99 
192002.0  56962.26 99 
194002.0  56961.30 99 


/Gem Systems GSM-19T 6021828 v7.0 23 IV 2009 A t-e2.v7                            
/ID 20150512 file 02survey.b   12  V 15
/datum  56900.00
/
/time nT sq 
212002.0  56983.62 99 
214002.0  56976.61 99 
220002.0  56975.50 99 
222002.0  56971.60 99 
224002.0  56973.98 99 
230002.0  56973.92 99 
232002.0  56974.75 99 
234002.0  56975.31 99 


/Gem Systems GSM-19T 6021828 v7.0 23 IV 2009 A t-e2.v7                            
/ID 20150513 file 03survey.b   13  V 15
/datum  56900.00
/
/time nT sq 
000002.0  56976.67 99 
002002.0  56974.45 99 
004002.0  56974.37 99 
010002.0  56973.57 99 
012002.0  56977.61 99 
014002.0  56972.27 99 
020002.0  56971.06 99 
022002.0  56971.16 99 
024002.0  56969.65 99 
030002.0  56973.43 99 
032002.0  56975.20 99 
034002.0  56977.19 99 
040002.0  56973.80 99 
042002.0  56973.08 99 
044002.0  56973.46 99 
050002.0  56974.05 99 
052002.0  56975.23 99 
054002.0  56977.57 99 
060002.0  56977.06 99 
062002.0  56976.79 99 
064002.0  56969.06 99 
070002.0  56968.13 99 


/Gem Systems GSM-19T 6021828 v7.0 23 IV 2009 A t-e2.v7                            
/ID 20150513 file 04survey.b   13  V 15
/datum  56900.00
/
/time nT sq 
082002.0  56957.00 38 
084002.0  56950.36 99 
090002.0  56940.46 99 
092002.0  56940.65 99 
094002.0  56936.28 99 
100002.0  56926.53 99 
102002.0  56926.90 99 
104002.0  56934.79 99 
110002.0  56939.59 99 
112002.0  56941.85 99 
114002.0  56942.41 99 
